 

 

 

 

 

 

 

40 HERMAN Smmxrz,

, Mittlere Jiihrl, Zahl Approx.
Νιῡ Grbsse Mlttleres Α. R. praeeeSS. Decl.
ΜΠ 13353 18353 Bestimm. 1885,0
86‚11 8¹¹19¹¹¹195,24 35,41’7 9 ÷ 17025'
86,55 26 24,32 3,27ο 6 ÷ 10 27
85,96 32 4677 3,141 11 3 45
ν 85,74 43 34,93 3⁷019 6 3 1
5 6 6 85,74 49 38474 3283 6 12 4
8583 55 26298 3,175 5 6 6
6 52 7 8548 947 4957 3,156 14 6 30
87,86 50 20716 37192 5 9 29
85‚46 52 2,24 3,236 15 13 0
1ι) 87,87 56 2414 3357 5 22 30
6 ἑ 7 85,48 10 15 39,22 3,236 14 15 33
7 ἑ 6 85,47 23 48‚12 3992 10 2 5
,5 ,2 85,42 28 4895 3,141 13 7 33
6 ὲι 7 85,26 36 41‚21 3,107 5 4 11
5 ἐι 6 85,28 49 47,45 3,ο82 6 1 21
6 8630 50 3‚20 3⁷¹20 4 6 48
6 ὲ1 7 86,31 55 1934 34976 3 0 37
6 8585 57 43,47 3‚076 9 0 37
5 a* 6 85,84 11 2 3876 3,229 11 25 17
5 5 6 86212 23 42,36 32133 6 16 3
7 88,32 36 14‚37 32085 4 5 23
6 86,ο3 39 21139 3691 9 8 54
6 ἐι 7 88,32 43 13439 3‚082 4 5 50
7 86.00 46 50456 3,095 8 16 5
5 21 6 8832 49 9,98 3,683 4 9 5
6 ἐι 7 86748 53 10‚38 3‚073 5 1.10
5 ξπ 6 35⁷9ss 12 6 18,34 3.ο58 6 ψ 21 11
5 86‚30 12 46,56 3,072 3 — o 2
5 88733 21 14,οὸ 3,008 2 -4— 27 28
7 88232 29 20;10 3‚014 3 τ 19 0
5 2 6 86,59 31 12135 32014 18 ÷ 17 43
6 88733 35 4660 37032 4 ss 11 3
5 86,59 36 3,85 3,032 18 10 52
6 85,35 1311 3,(98 3,οοο 4 -ι- 10 1
6 ἐι 7 85,35 16 21‚78 37028 4 15 46
5¹l'2 85,35 22 4830 2‚951 4 14 24
6 85,35 33 54,26 27966 4 ψ 11 2ο
6 il 7 85,35 44 36,88 2,867 3 ÷ 19 12
5 86,56 51 19,11 2‚740 21 ÷ 28 3
6 88,38 53 6,76 ²³900 2 ÷ 15 13
5 ὲῑ 6 86,57 14 17 43³38 2‚953 13 ÷ 8 58
6¹s2 8697 23 58,74 3,054 10 ψ 1 20
5 86‚00 29 40‚42 2,599 11 ÷ 30 15
6 86,67 35 39,44 2863 17 14 2
5 86269 39 52‚50 2,803 19 ψ 17 27

6 88,38 45 1.35 2,582 2 ÷29
4 ἐι 5 86,69 46 5,19 2,757 19 ÷ 19 35
5 il 6 86‚92 55 55,6ο 32067 8 ÷ ο 10

 

 

 

