MssmmAN-Bssomcfl'rUNGEN Am* ¹).ssss STERMVARTE 1N UPSALA. 41

 

 

 

 

 

 

 

 

 

, ⁷ Mittlere Jkilflrl. zahl Approx.

Nzo Grosse Mlttle-res A. 11. pram-ess. der DecJ.
'1³¹¹' 1885‚0 1885,‹‚ Bestinnn. 1885,0

85 5 86‚74 15h 2¹”15⁵‚03 2³‚621 9 4- 25019'
86 6 87‚43 9 57260 32059 3 ÷ 0 48
87 6 ἐι 7 8653 16 56‚52 Ξ 2,839 8 ÷ 12 59
88 5 Ξῑ 6 86‚70 49 30,47 2,648 12 4 20 39
89 5 ὲ 6 86‚68 56 4,24 2,697 13 ÷ 18 8
90 5 {1 6 3653 16 2 55,32 2,891 11 ÷ 8 50
91 6 11 7 86287 3 4‚17 2‚889 7 1 8 55
92 5 86,62 16 14,90 5 3,045 12 ψ 1 13
93 6 ὲι 7 86746 1 31 1643 24913 2 ÷ 7 21
94 6 86,23 36 1449 27488 9 ÷ 25 5
95 6 ὲ 7 86,67 41 21,84 3,023 5 ÷ 2 16
96 6 85,49 45 35³01 &041 5 ÷ 1 24
97 512 2 85⁷49 57 51,66 21745 6 ÷ 14 16
98 6172 ’ 86,74 58 22,21 2,757 8 5- 13 46
99 6 ὲ 7 86‚48 40149 2,757 5 ÷ 13 44
100 6 ὲ 7 85,78 17 4 14,86 ¹ 2,5339 10 ÷ 10 12
101 5 ὲ 6 85‚49 15 14,75 2,(342 14 -1- 18 11
102 5 ¹2‘2 ¹ 87‚00 16 9‚93 2,471 10 4- 24 37
- 103 41,’2 85.52 20 4S‚51 2.975 15 4- 4 15
104 5 ὲ 6 87,οὸ 21 51,26 2,588 12 -Ι- 20 11
Ῑ65 4 8558 41 57142 2-370 4 ÷ 27 47
106 5 ¹ 2 85,58 50 46,80 27419 4 4- 26 4
107 6 8558 18 27 59‚07 22495 4 ÷ 23 31
108 6 85,58 30 43721 27496 4 ÷ 23 31
109 5 ’ί 8558 39 1,68 3928 4 ÷ 1 57
110 6¹13- 85,58 45 19,78 , 3‚151 4 — 3 27
111 6 85‚58 56 51‚08 3,160 4 — 3 52
112 5 ὲ 6 8568 19 3 21‚92 2,940 4 ÷ 5 54
113 6 86,22 10 49‚55 2⁷969 8 ψ 4 38
114 6 ὲ 7 87,18 32 5,02 2,715 35 ÷ 16 12
115 5 85,524 33 31.09 2,962 10 «1- 5 8
116 5 ἐι 6 ¹ 87,Ιὸ 37 9,34 2,825 36 ψ 11 30
117 6 ὲ 7 8732 43 16,88 2,827 31 ÷ 11 32
118 5 1'2 8476 46 7,02 2,581 8 ψ 22 19
119 6 87,12 2ο 5 45,52 2,502 24 ÷ 26 34
120 5 85,75 10 23242 2,542 10 ÷ 25 14
121 5¹s2 87,14 10 32718 2,591 25 ÷ 23 9
122 6 87‚12 17 6‚76 2,579 24 ψ 24 5
123 5 ὲ 6 85,77 2877 22977 6 ÷ 4 58
124 6 87,11 22 23,52 3,143 24 - 3 44
125 5 85,75 23 38‚37 31134 10 ,- 3 16
126 6 ὲ 7 86,95 21 44 40,35 2,848 14 -1- 16 45
127 5 ὲ 6 85270 45‚49 2,649 3 ÷ 29 38
128 5 ὲ, 6 85,70 51 19,87 2‚927 3 ÷ 11 32
129 6 ὲ 7 86‚45 54 23,22 2,997 14 ÷ 6 10
130 6 86,40 22 6 18,03 2,896 12 4- 15 28
131 5 ὲ 6 86,84 14 40.33 3,018 7 4 5 13
132 6 i 85,77 20 46121 &035 5 ‘⁴' 3 48

Nova Acta Reg. Soc. Se. Ups. Ser. 111, 6

